   0.0273349048
   0.0285184071
   0.0215037494
   0.0309772557
   0.0090128178
   0.0087683993
   0.0113725604
   0.0096053142
   0.0247054092
   0.0139814002
   0.0288442480
   0.0184933436
   0.0114333059
  -0.0091841539
  -0.0214135178
  -0.0172953175
  -0.0332652138
  -0.0203019174
  -0.0322792757
  -0.0330143903
  -0.0047077435
  -0.0347243453
  -0.0183950430
  -0.0097164807
  -0.0256639757
  -0.0167011806
  -0.0126557486
   0.0041977287
   0.0055025213
   0.0188806409
   0.0027397691
   0.0097806250
  -0.0022319334
   0.0018938941
   0.0023947593
   0.0166435173
   0.0054706456
   0.0076444957
   0.0090809879
   0.0014495219
   0.0053177420
  -0.0014720779
  -0.0046612572
   0.0148573850
   0.0048476592
  -0.0024795909
   0.0074810690
  -0.0250900057
  -0.0290101537
  -0.0401753585
  -0.0339655045
  -0.0423474196
  -0.0465458117
  -0.0387336974
  -0.0414530180
  -0.0473491462
  -0.0462111332
  -0.0406150835
  -0.0457231798
  -0.0401097549
  -0.0229658107
  -0.0376233571
  -0.0325159988
  -0.0205706597
   0.0012241012
  -0.0005952358
   0.0132145809
   0.0008857807
   0.0032790717
   0.0197036950
   0.0037285357
   0.0056507540
   0.0165781155
  -0.0035313788
   0.0196860354
  -0.0007173943
   0.0095734045
  -0.0291401359
  -0.0378755033
  -0.0465871034
  -0.0368447116
  -0.0513776394
  -0.0537449643
  -0.0496260887
  -0.0448549872
  -0.0541955481
  -0.0553010254
  -0.0528319091
  -0.0399747211
  -0.0497711640
  -0.0525903401
  -0.0477121162
  -0.0345870068
  -0.0433968168
  -0.0304492781
  -0.0222175753
   0.0040264896
   0.0032652893
   0.0134253944
   0.0029450236
   0.0026492060
   0.0047247324
   0.0096170407
   0.0003669552
   0.0094643028
   0.0119608195
   0.0029813565
   0.0035206854
  -0.0022170101
  -0.0017354611
   0.0041915338
   0.0056129108
   0.0035828227
  -0.0378043432
   0.0028668369
  -0.0009016146
  -0.0029601767
   0.0296243038
   0.0353350934
   0.0315790836
   0.0303213574
   0.0496568633
   0.0366855292
   0.0320621625
   0.0300939484
   0.0375173612
   0.0307095613
   0.0375895023
   0.0222113961
   0.0028637408
   0.0274078408
   0.0205685290
   0.0096327602
  -0.0082837285
  -0.0026522380
   0.0233085694
   0.0175533581
   0.0120248646
   0.0179932113
   0.0246611385
   0.0200832342
   0.0183631657
   0.0222487440
   0.0150801213
   0.0072973649
   0.0165004610
   0.0226896979
   0.0258189749
   0.0198243374
   0.0069564477
  -0.0188770104
   0.0050109246
   0.0365475177
   0.0255946781
   0.0440323255
   0.0252040621
   0.0360206191
   0.0441867548
   0.0260263967
   0.0365762694
   0.0371494328
   0.0272772615
  -0.0097340370
   0.0021773400
   0.0103028419
   0.0048203841
  -0.0170431509
   0.0101932765
   0.0046869607
  -0.0190668563
   0.0012779462
   0.0056885461
   0.0055505076
   0.0024401343
  -0.0032550576
   0.0063518809
   0.0070998884
  -0.0148844051
   0.0022303940
   0.0083146306
   0.0081563711
  -0.0238097864
   0.0009634152
  -0.0248087141
  -0.0003497212
  -0.0259000082
  -0.0096745252
   0.0033994448
   0.0085994813
   0.0052320688
   0.0041500763
   0.0010705449
   0.0073398048
   0.0067009532
   0.0065093231
   0.0026681179
   0.0008669270
   0.0022264156
   0.0026498374
  -0.0041471705
   0.0009130595
   0.0031188377
   0.0033563446
  -0.0027093572
  -0.0187337420
  -0.0066476847
  -0.0378386399
   0.0043599005
  -0.0055915058
  -0.0330143157
   0.0022333039
   0.0034124344
  -0.0019493601
  -0.0188122287
   0.0009371931
   0.0018161777
   0.0026270925
  -0.0050470996
   0.0014896210
   0.0023006501
  -0.0211017296
  -0.0041572333
  -0.0228952927
  -0.0013823291
   0.0043586763
  -0.0265718356
  -0.0023856830
   0.0036613097
  -0.0068285628
   0.0224112879
   0.0246992469
   0.0320849032
   0.0233187834
   0.0177061774
   0.0238074152
   0.0252546836
   0.0086447336
   0.0075277485
   0.0108880312
   0.0074607902
   0.0188562231
   0.0102422828
   0.0334359197
   0.0141234120
   0.0220127570
   0.0134823355
   0.0090704759
  -0.0053913652
  -0.0132499534
  -0.0103119831
  -0.0210188450
  -0.0129029108
  -0.0233622724
  -0.0192895066
   0.0025360749
  -0.0240210458
  -0.0189625251
  -0.0151280347
  -0.0222777071
  -0.0114103756
  -0.0073068481
  -0.0162358820
  -0.0100525366
  -0.0075507377
   0.0026699613
   0.0028807326
   0.0107734225
   0.0006674626
   0.0056719348
  -0.0034319730
   0.0006648817
   0.0027903676
   0.0096233504
   0.0037432251
   0.0054840843
   0.0053877673
   0.0024502809
   0.0015858115
  -0.0019164104
  -0.0056833402
   0.0084749792
   0.0030231679
  -0.0034370929
   0.0035994238
  -0.0179498093
  -0.0196843398
  -0.0289560166
  -0.0245124460
  -0.0305492400
  -0.0349016852
  -0.0287058577
  -0.0287749417
  -0.0360923787
  -0.0363243506
  -0.0277170450
  -0.0356036443
  -0.0362430527
  -0.0279411690
  -0.0338269543
  -0.0295692776
  -0.0137071995
  -0.0262535680
  -0.0230377661
  -0.0140684078
   0.0009846901
  -0.0025906966
   0.0078059094
  -0.0011335281
   0.0005965611
   0.0110440175
   0.0030738298
   0.0012864842
   0.0093510247
  -0.0045487674
  -0.0022789225
  -0.0126998957
   0.0045788299
  -0.0215190049
  -0.0273004665
  -0.0347130360
  -0.0267990170
  -0.0385915317
  -0.0416479710
  -0.0371042080
  -0.0403624362
  -0.0442098521
  -0.0435755073
  -0.0378049807
  -0.0396079325
  -0.0437426543
  -0.0430671020
  -0.0368886243
  -0.0369614119
  -0.0400825800
  -0.0343638668
  -0.0246582157
  -0.0315356255
  -0.0208938406
  -0.0160679809
   0.0032924261
   0.0016505979
   0.0076696484
  -0.0002162386
   0.0024026942
   0.0024154063
   0.0072961915
   0.0080998679
   0.0074233471
   0.0085655088
   0.0063220839
   0.0002990491
   0.0015822946
  -0.0033245519
   0.0010332457
   0.0026736033
   0.0018954450
   0.0021745151
  -0.0036745452
   0.0256960042
   0.0288700792
   0.0267057512
   0.0257061172
   0.0376393139
   0.0302758258
   0.0274706594
   0.0258066979
   0.0381708228
   0.0309711939
   0.0273012136
   0.0255847352
   0.0399487834
   0.0313245686
   0.0264855192
   0.0306301924
   0.0198479410
   0.0105884489
  -0.0047154900
   0.0224641591
   0.0174615655
   0.0101344292
  -0.0007084659
  -0.0057648983
   0.0193818019
   0.0150885436
   0.0100435171
   0.0118760449
   0.0170080669
   0.0208527728
   0.0162852306
   0.0143570594
   0.0179842586
   0.0129627215
   0.0059803059
   0.0091810823
   0.0152292570
   0.0189531861
   0.0210346643
   0.0163789567
   0.0077039755
  -0.0077225364
   0.0196823548
   0.0105162315
  -0.0068080884
   0.0296198094
   0.0220913359
   0.0363653969
   0.0214493426
   0.0296244416
   0.0392170773
   0.0156673844
   0.0260020901
   0.0325104143
   0.0365103473
   0.0083605292
   0.0224791280
   0.0302876343
   0.0301177947
   0.0234504309
  -0.0012073094
   0.0059420999
  -0.0000559527
   0.0079226314
   0.0043544606
  -0.0055507166
   0.0057624200
  -0.0006667341
   0.0041389237
  -0.0029397294
   0.0029522725
   0.0035237205
   0.0016934694
  -0.0046162998
  -0.0001050309
   0.0045415883
   0.0043972900
  -0.0207927263
  -0.0051138797
   0.0030942703
   0.0058548298
   0.0049101058
  -0.0099096676
   0.0014028995
   0.0065007864
  -0.0300984393
  -0.0087520239
   0.0014566725
   0.0067463686
  -0.0126974823
  -0.0023562443
   0.0039270289
   0.0061586339
   0.0032413619
   0.0028253491
  -0.0006500222
   0.0021666027
   0.0050959397
   0.0041241953
   0.0039010895
   0.0002911287
  -0.0004857617
   0.0000150587
   0.0009585829
  -0.0022968834
  -0.0046795691
  -0.0001543103
  -0.0001090079
   0.0014066631
  -0.0009654121
  -0.0083717406
  -0.0203887752
   0.0016627001
  -0.0040140218
  -0.0164691604
   0.0012907366
  -0.0033931241
  -0.0148994576
  -0.0007268908
   0.0012651019
  -0.0006830754
  -0.0082176864
  -0.0224016758
  -0.0004990543
  -0.0003604365
   0.0008234614
  -0.0025720693
  -0.0052124539
   0.0003766448
   0.0000871429
  -0.0168183132
  -0.0076014247
  -0.0239092179
  -0.0059924301
   0.0003953230
  -0.0120105492
  -0.0016978838
   0.0022019137
  -0.0077385670
  -0.0005363558
  -0.0105981973
   0.0187865956
   0.0209000066
   0.0250754839
   0.0233419148
   0.0194545796
   0.0205733171
   0.0157593703
   0.0074073038
  -0.0112468776
   0.0201485690
   0.0223788909
   0.0212379463
   0.0080047310
   0.0069405235
   0.0100779382
   0.0064379622
   0.0151922377
   0.0083157268
   0.0257329601
   0.0101756375
   0.0209339438
   0.0066406282
   0.0287865276
   0.0176499280
   0.0107582853
   0.0078337899
  -0.0028589550
  -0.0081888466
  -0.0058290107
  -0.0078510619
  -0.0133956336
  -0.0078681850
  -0.0153277739
  -0.0125809121
  -0.0165451522
  -0.0073484428
  -0.0161230364
  -0.0121555695
  -0.0105991956
  -0.0143957938
  -0.0067546924
  -0.0050232703
  -0.0102698614
  -0.0056554858
  -0.0041769079
   0.0021154807
   0.0025407251
   0.0067370003
   0.0002573087
   0.0037839474
  -0.0029292317
   0.0005258973
   0.0029013313
   0.0061278099
   0.0035755095
   0.0047524582
   0.0038056326
   0.0030619982
   0.0000019298
  -0.0016120118
  -0.0053320745
   0.0025826439
  -0.0076881318
  -0.0033239891
   0.0019291452
  -0.0131182319
  -0.0132471277
  -0.0220151151
  -0.0185355382
  -0.0217578773
  -0.0271550430
  -0.0244429628
  -0.0193156705
  -0.0275831935
  -0.0290973460
  -0.0180797464
  -0.0270123302
  -0.0289187184
  -0.0236687766
  -0.0187197402
  -0.0259116950
  -0.0245793310
  -0.0194391479
  -0.0173434577
  -0.0097254960
   0.0003566983
   0.0047164899
  -0.0006412564
   0.0067455526
   0.0020992728
  -0.0007485633
   0.0054182696
  -0.0045833398
  -0.0027814692
  -0.0091742746
   0.0020307515
  -0.0163748657
  -0.0206346748
  -0.0274424190
  -0.0203139528
  -0.0267287545
  -0.0332817435
  -0.0326618607
  -0.0247656595
  -0.0286187722
  -0.0350442660
  -0.0362454361
  -0.0336781021
  -0.0345732184
  -0.0358028200
  -0.0330353910
  -0.0253626685
  -0.0319327058
  -0.0308736943
  -0.0187268125
  -0.0246508418
  -0.0120234911
   0.0023155487
   0.0011031671
   0.0048140368
  -0.0009453346
   0.0018605338
   0.0014971190
   0.0007503950
  -0.0056584498
   0.0054167192
  -0.0130273451
  -0.0008190804
   0.0042770943
   0.0059832652
   0.0053452674
   0.0057183949
   0.0040821666
  -0.0004611751
   0.0007745847
  -0.0034287935
  -0.0004925252
   0.0005254232
   0.0003124574
   0.0008490709
  -0.0005725403
  -0.0061093956
  -0.0204364811
   0.0000250175
  -0.0037445354
   0.0228650596
   0.0256366718
   0.0234881080
   0.0320387113
   0.0263534837
   0.0240476886
   0.0225683295
   0.0326629016
   0.0269323342
   0.0239703676
   0.0224742939
   0.0338738522
   0.0272151413
   0.0234772584
   0.0272160344
   0.0096773970
  -0.0028926121
   0.0201745915
   0.0153235139
   0.0089468264
  -0.0004064956
  -0.0093167643
   0.0169118389
   0.0122586443
   0.0072205536
   0.0092529866
   0.0146069824
   0.0187266628
   0.0136476272
   0.0116207836
   0.0153494798
   0.0100926254
   0.0031439646
   0.0065587735
   0.0127257865
   0.0166078879
   0.0186451782
   0.0142264126
   0.0069599778
  -0.0057527876
   0.0097020798
  -0.0041400759
   0.0256938550
   0.0183671608
   0.0319730601
   0.0078316974
   0.0191605285
   0.0258524330
   0.0346135344
   0.0145843824
   0.0226991313
   0.0282953643
   0.0320213102
   0.0094293474
   0.0199732448
   0.0263516524
   0.0260814220
   0.0195561830
  -0.0019787995
   0.0033510990
  -0.0031302990
   0.0052493957
   0.0013384710
  -0.0090927155
   0.0030845879
  -0.0039985365
  -0.0037399692
   0.0012971363
   0.0022154814
   0.0004482055
  -0.0062279815
  -0.0019296817
   0.0027356277
   0.0029208337
  -0.0129133718
  -0.0022885396
   0.0028381492
   0.0043481029
  -0.0205064797
  -0.0049426616
   0.0022804454
  -0.0179592768
  -0.0045844249
   0.0022878336
  -0.0176837071
  -0.0084305002
  -0.0007167001
   0.0034022390
   0.0047097400
   0.0018998618
   0.0015752886
  -0.0022736098
   0.0003176858
   0.0033723924
   0.0027498780
   0.0023047279
  -0.0010781207
  -0.0015365271
  -0.0011699544
  -0.0005299688
  -0.0038083651
  -0.0059360525
  -0.0011277692
   0.0000845384
  -0.0010108728
  -0.0056674376
  -0.0147464513
  -0.0024702395
  -0.0104196813
  -0.0273366449
   0.0005986268
  -0.0023039994
  -0.0094158955
  -0.0255200532
  -0.0001979209
  -0.0009158643
  -0.0054027665
  -0.0151846181
  -0.0014741109
  -0.0015008808
  -0.0006402542
  -0.0040325911
  -0.0063335615
  -0.0003239315
  -0.0011595684
  -0.0080523361
  -0.0089766123
  -0.0019984169
  -0.0153892466
  -0.0045413137
  -0.0001544500
  -0.0108706009
  -0.0028873579
  -0.0107724943
   0.0158494686
   0.0202717887
   0.0196361029
   0.0196866186
   0.0167262128
   0.0176663174
   0.0135331028
   0.0066565522
  -0.0076047372
   0.0180428384
   0.0140012806
   0.0175577360
   0.0192061197
   0.0244204477
   0.0180642537
   0.0072123996
   0.0101168976
   0.0063714597
   0.0091219761
   0.0057870559
   0.0126065604
   0.0071306394
   0.0205495224
   0.0080635207
   0.0164161581
   0.0077236952
   0.0229184280
   0.0106056716
   0.0145682840
   0.0057886254
   0.0090376437
   0.0069999059
  -0.0012360203
  -0.0050191916
  -0.0030110690
  -0.0052647846
  -0.0085688721
  -0.0045293310
  -0.0105875530
  -0.0065722452
  -0.0100192727
  -0.0105052113
  -0.0020857683
  -0.0103700123
  -0.0104612125
  -0.0015001758
  -0.0110318722
  -0.0058668398
  -0.0073282382
  -0.0093230618
  -0.0036761793
  -0.0032826922
  -0.0064485034
  -0.0028237477
  -0.0020032100
   0.0017981153
   0.0025920739
   0.0002350119
   0.0026985398
   0.0006534427
   0.0027157737
   0.0040418411
   0.0035513988
   0.0043382385
   0.0028813224
   0.0032530020
  -0.0006825902
  -0.0012146792
  -0.0047080531
   0.0024791676
  -0.0050831714
  -0.0029409215
   0.0011723133
  -0.0098140444
  -0.0093538031
  -0.0163202636
  -0.0140964116
  -0.0151136495
  -0.0203953764
  -0.0200094698
  -0.0125389753
  -0.0207438819
  -0.0230729879
  -0.0201871620
  -0.0195316200
  -0.0232754198
  -0.0228411607
  -0.0196107078
  -0.0225921050
  -0.0205971719
  -0.0114348149
  -0.0187231683
  -0.0194653767
  -0.0151370200
  -0.0137763996
  -0.0128138044
  -0.0068053674
  -0.0003167762
   0.0027448333
  -0.0013310957
   0.0043137342
   0.0011744157
  -0.0017364400
   0.0030416901
  -0.0043634004
  -0.0029226529
  -0.0070249767
   0.0006290208
  -0.0128625729
  -0.0159627003
  -0.0212215340
  -0.0157235215
  -0.0247956294
  -0.0266846850
  -0.0238607788
  -0.0265658686
  -0.0294502272
  -0.0288963463
  -0.0246437886
  -0.0281229177
  -0.0302081790
  -0.0296445312
  -0.0261977449
  -0.0257821978
  -0.0287531654
  -0.0280282743
  -0.0231951365
  -0.0234873645
  -0.0250729852
  -0.0213063348
  -0.0142915071
  -0.0186324135
   0.0013930325
   0.0007981159
   0.0031544299
   0.0012891511
   0.0009747545
   0.0002787751
  -0.0038897004
   0.0034289370
  -0.0070207658
   0.0004278143
   0.0035238042
   0.0043510961
   0.0008976752
   0.0036593347
   0.0044790033
   0.0039889752
   0.0035794530
   0.0026842114
  -0.0006109202
   0.0003295860
  -0.0033220904
  -0.0107344841
  -0.0049257310
  -0.0011724362
  -0.0005027496
  -0.0003548339
  -0.0009066157
  -0.0039913170
  -0.0118222595
  -0.0005177352
  -0.0008133101
  -0.0017822536
  -0.0063827423
  -0.0036634119
   0.0207438427
   0.0270236122
   0.0229929478
   0.0211967559
   0.0199513817
   0.0276376260
   0.0234693813
   0.0213874197
   0.0200261837
   0.0282139431
   0.0237788238
   0.0212318660
   0.0288486489
   0.0238986043
   0.0209638864
   0.0236943057
  -0.0029191612
   0.0152820948
   0.0093699076
   0.0009896774
   0.0172665029
   0.0131147803
   0.0078074893
   0.0008277032
  -0.0045510015
   0.0145555982
   0.0104399764
   0.0064579270
   0.0080611788
   0.0126373033
   0.0160990524
   0.0116777145
   0.0096276362
   0.0128772482
   0.0082809221
   0.0029216871
   0.0055087540
   0.0107261851
   0.0140209297
   0.0157150126
   0.0118118108
   0.0056710978
  -0.0039525920
   0.0146026448
   0.0086730618
  -0.0009503195
   0.0270074654
   0.0157493501
   0.0217448840
   0.0304002811
   0.0134795633
   0.0199229568
   0.0247607288
   0.0303551074
   0.0138791704
   0.0201753872
   0.0249096946
   0.0270638536
   0.0166212165
   0.0222542303
   0.0219610017
   0.0164079618
   0.0021526321
  -0.0030644900
   0.0031984595
  -0.0007860917
   0.0030998445
  -0.0010038548
   0.0017212234
  -0.0040966082
  -0.0034445451
   0.0002351286
   0.0013611686
  -0.0004062365
  -0.0054097072
  -0.0024670817
   0.0013652124
   0.0018693378
  -0.0107854106
  -0.0027834468
   0.0014874421
   0.0029072400
   0.0020797047
  -0.0102598020
  -0.0019833070
   0.0022181644
  -0.0128920497
  -0.0082913063
  -0.0013453969
   0.0025344082
  -0.0122504099
  -0.0067776832
  -0.0011458757
   0.0021555503
   0.0032176584
   0.0012072960
   0.0007564117
  -0.0021792686
  -0.0004215930
   0.0020815014
   0.0018484739
   0.0012573344
  -0.0019090524
  -0.0019362033
  -0.0017659257
  -0.0015287217
  -0.0040984314
  -0.0054053753
  -0.0018251764
  -0.0009612168
  -0.0018531702
  -0.0054740887
  -0.0118419865
  -0.0017740692
  -0.0059937512
  -0.0142630432
  -0.0067920226
  -0.0176344100
  -0.0005437750
  -0.0017590218
  -0.0055698404
  -0.0135986055
  -0.0011803508
  -0.0018205739
  -0.0053834444
  -0.0123381586
  -0.0018120275
  -0.0020003683
  -0.0016201789
  -0.0042604137
  -0.0055497333
  -0.0010713035
  -0.0018982884
  -0.0075234528
  -0.0087421775
  -0.0029627286
  -0.0164674550
  -0.0064229081
  -0.0019010079
  -0.0178137791
  -0.0069777385
  -0.0022090614
  -0.0107401289
  -0.0039044548
  -0.0098141952
