   3.9470868988   -0.4425806852    1.6467137898
   5.2815445526    1.4426646500   -0.1719395581
   4.6150228669    2.1950121071   -0.1719395581
   3.9470868988   -0.4425806852   -1.9905929061
   2.2402743968   -0.3760395204    1.9348317744
   1.7152743968    0.5332871535   -1.9838215736
   2.2402743968   -0.3760395204   -2.2651682256
   2.1866316183   -1.7005596437    1.8358900904
   3.2366316183   -1.7005596437    1.5545434383
   2.7116316183   -2.6098863176    1.5545434383
   3.2366316183   -1.7005596437   -2.0827632576
   2.7116316183   -2.6098863176   -2.0827632576
   2.1866316183   -1.7005596437   -2.3641099096
   0.9733233391   -2.1934924558    1.8713507865
   0.4483233391   -3.1028191298    1.5900041344
   1.4983233391   -3.1028191298    1.5900041344
   0.7145019820   -3.9936345349    0.8213507865
   1.7288192432   -3.8477977296    0.8213507865
   0.2286530763   -4.1570265654   -0.2286492135
   1.2264503676   -4.2781810914   -0.2286492135
   2.1662593072   -3.9217585742   -0.2286492135
   0.7145019820   -3.9936345349   -1.2786492135
   1.7288192432   -3.8477977296   -1.2786492135
  -0.0766766609   -2.1934924558   -2.0473025615
   0.4483233391   -3.1028191298   -2.0473025615
   1.4983233391   -3.1028191298   -2.0473025615
   0.9733233391   -2.1934924558   -2.3286492135
   0.1900427562   -1.1069366939    2.0029318203
   1.2400427562   -1.1069366939    1.7215851683
  -0.3349572438   -0.1976100199    1.7215851683
  -0.3349572438   -2.0162633678    1.7215851683
  -0.3349572438   -0.1976100199   -1.9157215276
  -0.3349572438   -2.0162633678   -1.9157215276
   0.1900427562   -1.1069366939   -2.1970681797
   0.9236319965    0.0337592255    2.0459183961
  -0.1263680035    0.0337592255    1.7645717440
   1.4486319965   -0.8755674484    1.7645717440
   1.4486319965    0.9430858995   -1.8727349518
  -0.1263680035    0.0337592255   -1.8727349518
   0.9236319965    0.0337592255   -2.1540816039
   0.3420778016    1.3357798097    2.1822272313
   1.3920778016    1.3357798097    1.9008805792
  -0.1829221984    2.2451064836    1.9008805792
  -0.1829221984    0.4264531357    1.9008805792
   1.3920778016    1.3357798097   -1.7364261167
  -0.1829221984    2.2451064836   -1.7364261167
   0.3420778016    1.3357798097   -2.0177727687
   0.9460879644    2.3739034733    2.0859118626
   1.9260879644    2.3739034733    1.8233216541
   1.4360879644    3.2226083690    1.8233216541
   0.4560879644    3.2226083690    1.8233216541
   2.3193213321    3.3716159158    1.1059118626
   1.4706164364    3.9882361163    1.1059118626
   0.4215594924    3.9882361163    1.1059118626
   2.6434977558    3.3539034733    0.1259118626
   1.9260879644    4.0713132647    0.1259118626
   0.9460879644    4.3339034733    0.1259118626
   2.3193213321    3.3716159158   -0.8540881374
   1.4706164364    3.9882361163   -0.8540881374
   0.4215594924    3.9882361163   -0.8540881374
   1.9260879644    2.3739034733   -1.5714979288
   1.4360879644    3.2226083690   -1.5714979288
   0.4560879644    3.2226083690   -1.5714979288
   0.9460879644    2.3739034733   -1.8340881374
  -1.0492511586    1.2704850759    2.2614715530
  -0.5242511586    2.1798117499    1.9801249009
  -0.5242511586    0.3611584020    1.9801249009
  -0.5242511586    2.1798117499   -1.6571817950
  -2.0992511586    1.2704850759   -1.6571817950
  -0.5242511586    0.3611584020   -1.6571817950
  -1.0492511586    1.2704850759   -1.9385284470
  -1.8232616174    0.1149702058    2.2197043898
  -0.7732616174    0.1149702058    1.9383577378
  -2.3482616174   -0.7943564681    1.9383577378
  -0.7732616174    0.1149702058   -1.6989489581
  -2.3482616174    1.0242968798   -1.6989489581
  -1.8232616174    0.1149702058   -1.9802956102
  -3.0178707682    0.1732793288    2.1572022808
  -3.5078707682    1.0219842246    1.8946120722
  -3.9978707682    0.1732793288    1.8946120722
  -3.5078707682   -0.6754255669    1.8946120722
  -4.3911041359    1.1709917713    1.1772022808
  -4.7152805596    0.1732793288    1.1772022808
  -4.3911041359   -0.8244331136    1.1772022808
  -3.9978707682    1.8706891203    0.1972022808
  -4.7152805596    1.1532793288    0.1972022808
  -4.9778707682    0.1732793288    0.1972022808
  -4.7152805596   -0.8067206712    0.1972022808
  -3.9978707682   -1.5241304626    0.1972022808
  -4.3911041359    1.1709917713   -0.7827977192
  -4.7152805596    0.1732793288   -0.7827977192
  -4.3911041359   -0.8244331136   -0.7827977192
  -3.5078707682    1.0219842246   -1.5002075106
  -3.9978707682    0.1732793288   -1.5002075106
  -3.5078707682   -0.6754255669   -1.5002075106
  -3.0178707682    0.1732793288   -1.7627977192
  -1.1763366796   -1.0877528767    2.0874081741
  -0.6513366796   -1.9970795507    1.8060615221
  -0.6513366796   -0.1784262028   -1.8312451738
  -0.6513366796   -1.9970795507   -1.8312451738
  -1.1763366796   -1.0877528767   -2.1125918259
  -0.9293390291   -2.3043230348    1.7619286405
  -2.2381603862   -4.1044651139    0.9932752926
  -4.0183168457   -2.8068859298   -0.0567247074
  -3.5512116002   -3.6968806171   -0.0567247074
  -2.7240092919   -4.2678571444   -0.0567247074
  -0.9293390291   -2.3043230348   -1.8753780554
  -1.4543390291   -3.2136497087   -1.8753780554
  -0.7508202495    2.5189222962    2.1221439088
  -1.2758202495    3.4282489702    2.1221439088
  -2.0596416065    4.3190643753    1.3534905608
  -2.5454905122    4.4824564058    0.3034905608
  -3.3726928206    3.9114798785    0.3034905608
  -3.8397980661    2.0163594012    0.3034905608
  -2.0596416065    4.3190643753   -0.7465094392
  -0.7508202495    2.5189222962   -1.5151627871
  -1.2758202495    3.4282489702   -1.5151627871
   5.2796532136   -0.1668098193    1.0851101508
   4.5973218515   -1.1059583698    1.0851101508
   5.8899489371   -0.1668098193    0.2451101508
   5.5161406095    0.8602201200    0.2451101508
   4.5696246976   -1.7403109750    0.2451101508
   5.5161406095   -1.1938397585    0.2451101508
   5.8899489371   -0.1668098193   -0.7931869503
   5.5161406095    0.8602201200   -0.7931869503
   5.5161406095   -1.1938397585   -0.7931869503
   5.2796532136   -0.1668098193   -1.6331869503
   4.5973218515   -1.1059583698   -1.6331869503
   4.6028080879    2.1884369921   -0.4789497447
   3.6562921760    2.7349082086   -0.4789497447
   4.9766164154    1.1614070528   -1.5172468458
   4.6028080879    2.1884369921   -1.5172468458
   3.6562921760    2.7349082086   -1.5172468458
   2.5799539944    2.5451207468   -1.5172468458
   1.8774241403    1.7078782693   -1.5172468458
   4.3663206919    1.1614070528   -2.3572468458
   3.6839893298    2.1005556034   -2.3572468458
   2.5799539944    1.7418327775   -2.3572468458
   2.5799539944    0.5809813281   -2.3572468458
   3.6839893298    0.2222585023   -2.3572468458
   3.3788414681    1.1614070528   -2.6780982953
   3.4854144778    1.0261339440    2.4300393473
   4.4728937017    1.0261339440    2.1091878979
   3.7905623396    1.9652824946    2.1091878979
   2.6865270041    1.6065596687    2.1091878979
   2.6865270041    0.4457082193    2.1091878979
   3.7905623396    0.0869853935    2.1091878979
   5.0831894252    1.0261339440    1.2691878979
   4.7093810976    2.0531638832    1.2691878979
   3.7628651858    2.5996350997    1.2691878979
   2.6865270041    2.4098476380    1.2691878979
   3.7628651858    2.5996350997    0.2308907968
   4.0592061447   -2.2960481172    0.9951839460
   3.3768747827   -3.2351966677    0.9951839460
   4.6695018683   -2.2960481172    0.1551839460
   3.3491776288   -3.8695492729    0.1551839460
   4.2956935407   -3.3230780564    0.1551839460
   4.6695018683   -2.2960481172   -0.8831131551
   3.3491776288   -3.8695492729   -0.8831131551
   4.2956935407   -3.3230780564   -0.8831131551
   4.0592061447   -2.2960481172   -1.7231131551
   3.3768747827   -3.2351966677   -1.7231131551
  -0.3205029445   -3.1406431786    1.1978703139
  -1.0028343066   -4.0797917292    1.1978703139
  -2.1068696421   -4.5243568726    0.3578703139
  -1.0305314604   -4.7141443344    0.3578703139
  -0.0840155486   -4.1676731178    0.3578703139
  -2.1068696421   -4.5243568726   -0.6804267872
  -1.0305314604   -4.7141443344   -0.6804267872
  -0.0840155486   -4.1676731178   -0.6804267872
  -1.0028343066   -4.0797917292   -1.5204267872
  -2.5542701075   -2.4022100070    2.5332389541
  -1.5667908836   -2.4022100070    2.2123875047
  -2.2491222457   -1.4630614564    2.2123875047
  -3.3531575812   -1.8217842822    2.2123875047
  -3.3531575812   -2.9826357317    2.2123875047
  -2.2491222457   -3.3413585575    2.2123875047
  -4.0556874352   -1.8557387905    1.3723875047
  -4.0556874352   -2.9486812235    1.3723875047
  -3.3531575812   -3.7859237009    1.3723875047
  -2.2768193996   -3.9757111627    1.3723875047
  -4.0556874352   -1.8557387905    0.3340904036
  -4.0556874352   -2.9486812235    0.3340904036
  -4.1616740915   -1.7223633828   -0.3761930855
  -4.1616740915   -2.8153058158   -0.3761930855
  -3.4591442375   -0.8851209054   -1.4144901866
  -4.1616740915   -1.7223633828   -1.4144901866
  -4.1616740915   -2.8153058158   -1.4144901866
  -3.4591442375   -3.6525482933   -1.4144901866
  -1.6727775400   -2.2688345993   -2.2544901866
  -2.3551089021   -1.3296860488   -2.2544901866
  -3.4591442375   -1.6884088746   -2.2544901866
  -3.4591442375   -2.8492603241   -2.2544901866
  -2.3551089021   -3.2079831499   -2.2544901866
  -2.6602567638   -2.2688345993   -2.5753416360
  -2.3746274052    2.5006506505    2.8989362436
  -1.3871481814    2.5006506505    2.5780847942
  -2.0694795435    3.4397992011    2.5780847942
  -3.1735148789    3.0810763753    2.5780847942
  -3.1735148789    1.9202249258    2.5780847942
  -2.0694795435    1.5615021000    2.5780847942
  -2.0971766973    4.0741518063    1.7380847942
  -3.1735148789    3.8843643445    1.7380847942
  -3.8760447329    3.0471218670    1.7380847942
  -3.8760447329    1.9541794340    1.7380847942
  -3.8760447329    3.0471218670    0.6997876931
  -3.8760447329    1.9541794340    0.6997876931
  -3.2801626958    4.0186980871   -0.0086820587
  -3.9826925498    3.1814556096   -0.0086820587
  -3.9826925498    2.0885131766   -0.0086820587
  -2.2038245141    4.2084855489   -1.0469791598
  -3.2801626958    4.0186980871   -1.0469791598
  -3.9826925498    3.1814556096   -1.0469791598
  -3.9826925498    2.0885131766   -1.0469791598
  -1.4937959982    2.6349843931   -1.8869791598
  -2.1761273603    3.5741329437   -1.8869791598
  -3.2801626958    3.2154101179   -1.8869791598
  -3.2801626958    2.0545586684   -1.8869791598
  -2.1761273603    1.6958358426   -1.8869791598
  -2.4812752221    2.6349843931   -2.2078306093
  -0.1057991376    3.3286818276    1.6817971468
  -0.7881304997    4.2678303781    1.6817971468
   0.1306882584    4.3557117668    0.8417971468
  -0.8158276535    4.9021829833    0.8417971468
  -1.8921658351    4.7123955215    0.8417971468
   0.1306882584    4.3557117668   -0.1964999543
  -0.8158276535    4.9021829833   -0.1964999543
  -1.8921658351    4.7123955215   -0.1964999543
  -0.7881304997    4.2678303781   -1.0364999543
   3.9427473857   -0.4350644281    1.9903857248
   5.2984824567    0.4667459887    1.3244359663
   4.2015697839   -1.2400834467    1.3244359663
   5.5301981723    1.4819588717    0.3621106834
   4.8809451647    2.2960963925    0.3621106834
   5.5301981723    1.4819588717   -0.7059897996
   3.9427473857   -0.4350644281   -2.3342648411
   2.2402743968   -0.3760395204    2.2348317744
   1.7196139099    0.5257708964   -2.3274935086
   2.2402743968   -0.3760395204   -2.5651682256
   2.1866316183   -1.7005596437    2.1358900904
   3.2279525922   -1.7005596437    1.8982153733
   2.7072921053   -2.6023700605    1.8982153733
   4.0630271763   -1.7005596437    1.2322656148
   2.9661145034   -3.4073890791    1.2322656148
   3.2279525922   -1.7005596437   -2.4264351926
   2.7072921053   -2.6023700605   -2.4264351926
   2.1866316183   -1.7005596437   -2.6641099096
   0.9733233391   -2.1934924558    2.1713507865
   0.4526628521   -3.0953028727    1.9336760695
   1.4939838260   -3.0953028727    1.9336760695
   0.7062844087   -4.0507890125    1.2677263109
   1.7528062242   -3.9003218912    1.2677263109
   0.4526628521   -4.4746550973    0.3054010280
   1.4939838260   -4.4746550973    0.3054010280
   2.4321816050   -4.0228428595    0.3054010280
   0.4526628521   -4.4746550973   -0.7626994550
   1.4939838260   -4.4746550973   -0.7626994550
  -0.2554544332   -3.6115776000   -1.7250247380
   0.7062844087   -4.0507890125   -1.7250247380
   1.7528062242   -3.9003218912   -1.7250247380
  -0.0679976348   -2.1934924558   -2.3909744965
   0.4526628521   -3.0953028727   -2.3909744965
   1.4939838260   -3.0953028727   -2.3909744965
   0.9733233391   -2.1934924558   -2.6286492135
   0.1900427562   -1.1069366939    2.3029318203
   1.2313637301   -1.1069366939    2.0652571033
  -0.3306177308   -0.2051262770    2.0652571033
  -0.3306177308   -2.0087471107    2.0652571033
  -0.3306177308   -0.2051262770   -2.2593934626
  -0.3306177308   -2.0087471107   -2.2593934626
   0.1900427562   -1.1069366939   -2.4970681797
   0.9236319965    0.0337592255    2.3459183961
  -0.1176889774    0.0337592255    2.1082436791
   1.4442924834   -0.8680511913    2.1082436791
   1.4442924834    0.9355696424   -2.2164068869
  -0.1176889774    0.0337592255   -2.2164068869
   0.9236319965    0.0337592255   -2.4540816039
   0.3420778016    1.3357798097    2.4822272313
   1.3833987755    1.3357798097    2.2445525143
  -0.1785826853    2.2375902265    2.2445525143
  -0.1785826853    0.4339693928    2.2445525143
   1.3833987755    1.3357798097   -2.0800980517
  -0.1785826853    2.2375902265   -2.0800980517
   0.3420778016    1.3357798097   -2.3177727687
   0.9460879644    2.3739034733    2.3659118626
   1.9179875400    2.3739034733    2.1440821267
   1.4320377522    3.2155931957    2.1440821267
   0.4601381766    3.2155931957    2.1440821267
   2.3629214659    3.4032932673    1.5225290188
   1.4872702056    4.0394911477    1.5225290188
   0.4049057232    4.0394911477    1.5225290188
   2.8797809439    3.3887838391    0.6243587547
   2.1866496420    4.1711673437    0.6243587547
   1.2093206102    4.5418193550    0.6243587547
   2.8797809439    3.3887838391   -0.3725350294
   2.1866496420    4.1711673437   -0.3725350294
   1.2093206102    4.5418193550   -0.3725350294
   2.3629214659    3.4032932673   -1.2707052935
   1.4872702056    4.0394911477   -1.2707052935
   0.4049057232    4.0394911477   -1.2707052935
   1.9179875400    2.3739034733   -1.8922584015
   1.4320377522    3.2155931957   -1.8922584015
   0.4601381766    3.2155931957   -1.8922584015
   0.9460879644    2.3739034733   -2.1140881374
  -1.0492511586    1.2704850759    2.5614715530
  -0.5285906717    2.1722954928    2.3237968359
  -0.5285906717    0.3686746591    2.3237968359
  -0.5285906717    2.1722954928   -2.0008537300
  -2.0905721325    1.2704850759   -2.0008537300
  -0.5285906717    0.3686746591   -2.0008537300
  -1.0492511586    1.2704850759   -2.2385284470
  -1.8232616174    0.1149702058    2.5197043898
  -0.7819406435    0.1149702058    2.2820296728
  -2.3439221044   -0.7868402111    2.2820296728
  -2.3439221044    1.0167806227   -2.0426208931
  -2.8645825913    0.1149702058   -2.0426208931
  -1.8232616174    0.1149702058   -2.2802956102
  -3.0178707682    0.1732793288    2.4372022808
  -3.5038205560    1.0149690513    2.2153725449
  -3.9897703438    0.1732793288    2.2153725449
  -3.5038205560   -0.6684103936    2.2153725449
  -4.4347042698    1.2026691228    1.5938194369
  -4.7691732889    0.1732793288    1.5938194369
  -4.4347042698   -0.8561104651    1.5938194369
  -4.6524973752    1.6214321356    0.6956491728
  -5.1382509130    0.6959060957    0.6956491728
  -5.1382509130   -0.3493474381    0.6956491728
  -4.6524973752   -1.2748734779    0.6956491728
  -4.6524973752    1.6214321356   -0.3012446113
  -5.1382509130    0.6959060957   -0.3012446113
  -5.1382509130   -0.3493474381   -0.3012446113
  -4.6524973752   -1.2748734779   -0.3012446113
  -4.4347042698    1.2026691228   -1.1994148754
  -4.7691732889    0.1732793288   -1.1994148754
  -4.4347042698   -0.8561104651   -1.1994148754
  -3.5038205560    1.0149690513   -1.8209679833
  -3.9897703438    0.1732793288   -1.8209679833
  -3.5038205560   -0.6684103936   -1.8209679833
  -3.0178707682    0.1732793288   -2.0427977192
  -1.1763366796   -1.0877528767    2.3874081741
  -0.6556761927   -1.9895632936    2.1497334571
  -0.6556761927   -0.1859424599   -2.1749171088
  -0.6556761927   -1.9895632936   -2.1749171088
  -1.1763366796   -1.0877528767   -2.4125918259
  -0.9380180552   -2.3043230348    2.1056005755
  -3.4381972950   -4.1336734385    0.4773255341
  -2.4999995160   -4.5854856762    0.4773255341
  -3.4381972950   -4.1336734385   -0.5907749489
  -2.4999995160   -4.5854856762   -0.5907749489
  -2.2463779594   -4.1616195914   -1.5531002319
  -0.9380180552   -2.3043230348   -2.2190499904
  -1.4586785421   -3.2061334516   -2.2190499904
  -0.7594992756    2.5189222962    2.4658158438
  -2.0678591798    4.3762188529    1.7998660853
  -2.3214807364    4.8000849377    0.8375408023
  -3.2596785154    4.3482726999    0.8375408023
  -2.3214807364    4.8000849377   -0.2305596807
  -1.2801597625    3.4207327131   -1.8588347221
   5.2521739897   -0.1668098193    1.3887303755
   4.7721739897   -0.9981942069    1.3887303755
   5.9549427650   -0.1668098193    0.6859616003
   5.6373821866    0.8105411448    0.6859616003
   4.8059977990   -1.7481968981    0.6859616003
   5.6373821866   -1.1441607834    0.6859616003
   6.2121739897   -0.1668098193   -0.2740383997
   5.9549427650    0.7931901807   -0.2740383997
   5.2521739897   -1.8295785946   -0.2740383997
   5.9549427650   -1.1268098193   -0.2740383997
   5.9549427650   -0.1668098193   -1.2340383997
   5.6373821866    0.8105411448   -1.2340383997
   4.8059977990   -1.7481968981   -1.2340383997
   5.6373821866   -1.1441607834   -1.2340383997
   5.2521739897   -0.1668098193   -1.9368071750
   4.7721739897   -0.9981942069   -1.9368071750
   5.0416102433    2.1214070528   -0.9980982953
   4.3388414681    2.8241758281   -0.9980982953
   3.3788414681    3.0814070528   -0.9980982953
   5.0416102433    1.1614070528   -1.9580982953
   4.7240496650    2.1387580169   -1.9580982953
   3.8926652773    2.7427941316   -1.9580982953
   2.8650176588    2.7427941316   -1.9580982953
   2.0336332712    2.1387580169   -1.9580982953
   4.3388414681    1.1614070528   -2.6608670705
   3.8588414681    1.9927914405   -2.6608670705
   2.8988414681    1.9927914405   -2.6608670705
   2.4188414681    1.1614070528   -2.6608670705
   2.8988414681    0.3300226652   -2.6608670705
   3.8588414681    0.3300226652   -2.6608670705
   3.3788414681    1.1614070528   -2.9180982953
   3.4854144778    1.0261339440    2.6700393473
   4.4454144778    1.0261339440    2.4128081226
   3.9654144778    1.8575183316    2.4128081226
   3.0054144778    1.8575183316    2.4128081226
   2.5254144778    1.0261339440    2.4128081226
   3.0054144778    0.1947495564    2.4128081226
   3.9654144778    0.1947495564    2.4128081226
   5.1481832531    1.0261339440    1.7100393473
   4.8306226747    2.0034849081    1.7100393473
   3.9992382871    2.6075210228    1.7100393473
   2.9715906685    2.6075210228    1.7100393473
   5.1481832531    1.9861339440    0.7500393473
   4.4454144778    2.6889027193    0.7500393473
   3.4854144778    2.9461339440    0.7500393473
   4.0317269209   -2.2960481172    1.2988041708
   3.5517269209   -3.1274325048    1.2988041708
   4.7344956962   -2.2960481172    0.5960353955
   3.5855507302   -3.8774351960    0.5960353955
   4.4169351178   -3.2733990813    0.5960353955
   4.9917269209   -2.2960481172   -0.3639646045
   3.0717269209   -4.2160481172   -0.3639646045
   4.0317269209   -3.9588168925   -0.3639646045
   4.7344956962   -3.2560481172   -0.3639646045
   4.7344956962   -2.2960481172   -1.3239646045
   2.5579031116   -3.8774351960   -1.3239646045
   3.5855507302   -3.8774351960   -1.3239646045
   4.4169351178   -3.2733990813   -1.3239646045
   4.0317269209   -2.2960481172   -2.0267333798
   3.5517269209   -3.1274325048   -2.0267333798
  -0.8279821684   -3.9720275662    1.5014905386
  -1.8218059776   -4.7220302574    0.7987217634
  -0.7941583591   -4.7220302574    0.7987217634
  -2.2679821684   -4.8034119539   -0.1612782366
  -1.3079821684   -5.0606431786   -0.1612782366
  -0.3479821684   -4.8034119539   -0.1612782366
  -1.8218059776   -4.7220302574   -1.1212782366
  -0.7941583591   -4.7220302574   -1.1212782366
  -1.7879821684   -3.9720275662   -1.8240470119
  -0.8279821684   -3.9720275662   -1.8240470119
  -2.5542701075   -2.4022100070    2.7732389541
  -1.5942701075   -2.4022100070    2.5160077294
  -2.0742701075   -1.5708256193    2.5160077294
  -3.0342701075   -1.5708256193    2.5160077294
  -3.5142701075   -2.4022100070    2.5160077294
  -3.0342701075   -3.2335943946    2.5160077294
  -2.0742701075   -3.2335943946    2.5160077294
  -3.8994783044   -1.4248590429    1.8132389541
  -4.2170388828   -2.4022100070    1.8132389541
  -3.8994783044   -3.3795609710    1.8132389541
  -3.0680939168   -3.9835970858    1.8132389541
  -2.0404462982   -3.9835970858    1.8132389541
  -4.4742701075   -2.4022100070    0.8532389541
  -4.2170388828   -3.3622100070    0.8532389541
  -3.5142701075   -4.0649787822    0.8532389541
  -4.3230255391   -1.3088345993   -0.8953416360
  -4.5802567638   -2.2688345993   -0.8953416360
  -4.3230255391   -3.2288345993   -0.8953416360
  -3.6202567638   -3.9316033746   -0.8953416360
  -4.0054649607   -1.2914836353   -1.8553416360
  -4.3230255391   -2.2688345993   -1.8553416360
  -4.0054649607   -3.2461855634   -1.8553416360
  -3.1740805731   -3.8502216781   -1.8553416360
  -1.7002567638   -2.2688345993   -2.5581104113
  -2.1802567638   -1.4374502117   -2.5581104113
  -3.1402567638   -1.4374502117   -2.5581104113
  -3.6202567638   -2.2688345993   -2.5581104113
  -3.1402567638   -3.1002189870   -2.5581104113
  -2.1802567638   -3.1002189870   -2.5581104113
  -2.6602567638   -2.2688345993   -2.8153416360
  -2.3746274052    2.5006506505    3.1389362436
  -1.4146274052    2.5006506505    2.8817050189
  -1.8946274052    3.3320350382    2.8817050189
  -2.8546274052    3.3320350382    2.8817050189
  -3.3346274052    2.5006506505    2.8817050189
  -2.8546274052    1.6692662629    2.8817050189
  -1.8946274052    1.6692662629    2.8817050189
  -1.8608035959    4.0820377293    2.1789362436
  -2.8884512145    4.0820377293    2.1789362436
  -3.7198356021    3.4780016146    2.1789362436
  -4.0373961805    2.5006506505    2.1789362436
  -3.7198356021    1.5232996865    2.1789362436
  -3.3346274052    4.1634194258    1.2189362436
  -4.0373961805    3.4606506505    1.2189362436
  -4.2946274052    2.5006506505    1.2189362436
  -3.4412752221    4.2977531684   -0.5278306093
  -4.1440439973    3.5949843931   -0.5278306093
  -4.4012752221    2.6349843931   -0.5278306093
  -1.9674514128    4.2163714719   -1.4878306093
  -2.9950990313    4.2163714719   -1.4878306093
  -3.8264834190    3.6123353572   -1.4878306093
  -4.1440439973    2.6349843931   -1.4878306093
  -3.8264834190    1.6576334291   -1.4878306093
  -1.5212752221    2.6349843931   -2.1905993845
  -2.0012752221    3.4663687808   -2.1905993845
  -2.9612752221    3.4663687808   -2.1905993845
  -3.4412752221    2.6349843931   -2.1905993845
  -2.9612752221    1.8036000055   -2.1905993845
  -2.0012752221    1.8036000055   -2.1905993845
  -2.4812752221    2.6349843931   -2.4478306093
  -0.1332783614    3.3286818276    1.9854173716
  -0.6132783614    4.1600662152    1.9854173716
   0.2519298355    4.3060327917    1.2826485963
  -0.5794545522    4.9100689064    1.2826485963
  -1.6071021707    4.9100689064    1.2826485963
  -0.1332783614    4.9914506029    0.3226485963
  -1.0932783614    5.2486818276    0.3226485963
  -2.0532783614    4.9914506029    0.3226485963
  -0.5794545522    4.9100689064   -0.6373514037
  -1.6071021707    4.9100689064   -0.6373514037
  -0.6132783614    4.1600662152   -1.3401201790
   3.9387095325   -0.4280706611    2.3225351797
   5.3312752080    0.4667459887    1.7372487511
   4.2151923851   -1.2699127825    1.7372487511
   5.0281983087   -0.5654391394    1.7372487511
   5.6695309793    1.5490580151    0.8613057093
   5.9165616365    1.4999912561   -0.1719395581
   5.3312752080    2.3759342980   -0.1719395581
   4.4553321661    2.9612207265   -0.1719395581
   3.4220868988    3.1667459887   -0.1719395581
   5.6695309793    1.5490580151   -1.2051848255
   5.3312752080    0.4667459887   -2.0811278673
   3.9387095325   -0.4280706611   -2.6664142959
   2.2402743968   -0.3760395204    2.5348317744
   1.7236517631    0.5187771295   -2.6596429634
   2.2402743968   -0.3760395204   -2.8651682256
   2.1866316183   -1.7005596437    2.4358900904
   3.2198768857   -1.7005596437    2.2303648281
   2.7032542520   -2.5953762936    2.2303648281
   4.0958199275   -1.7005596437    1.6450783996
   2.9797371046   -3.4372184149    1.6450783996
   3.7927430283   -2.7327447718    1.6450783996
   2.7417044667   -4.1324926918    0.7691353577
   4.0958199275   -1.7005596437   -2.1732982189
   3.2198768857   -1.7005596437   -2.7585846474
   2.7032542520   -2.5953762936   -2.7585846474
   2.1866316183   -1.7005596437   -2.9641099096
   0.9733233391   -2.1934924558    2.4713507865
   0.4567007054   -3.0883091057    2.2658255243
   1.4899459728   -3.0883091057    2.2658255243
  -0.2769291183   -3.6363607078    1.6805390957
   0.7016175136   -4.0832479808    1.6805390957
   1.7664288254   -3.9301512270    1.6805390957
   0.4182504907   -4.6254255039    0.8045960539
   1.5283961874   -4.6254255039    0.8045960539
   0.9733233391   -4.8934924558   -0.2286492135
   2.0065686064   -4.6879671936   -0.2286492135
   0.4182504907   -4.6254255039   -1.2618944809
   1.5283961874   -4.6254255039   -1.2618944809
  -0.2769291183   -3.6363607078   -2.1378375227
   0.7016175136   -4.0832479808   -2.1378375227
   1.7664288254   -3.9301512270   -2.1378375227
  -0.0599219283   -2.1934924558   -2.7231239513
   0.4567007054   -3.0883091057   -2.7231239513
   1.4899459728   -3.0883091057   -2.7231239513
   0.9733233391   -2.1934924558   -2.9286492135
   0.1900427562   -1.1069366939    2.6029318203
   1.2232880236   -1.1069366939    2.3974065581
  -0.3265798775   -0.2121200440    2.3974065581
  -0.3265798775   -2.0017533438    2.3974065581
  -0.3265798775   -0.2121200440   -2.5915429174
  -0.3265798775   -2.0017533438   -2.5915429174
   0.1900427562   -1.1069366939   -2.7970681797
   0.9236319965    0.0337592255    2.6459183961
  -0.1096132709    0.0337592255    2.4403931339
   1.4402546302   -0.8610574244    2.4403931339
   1.4402546302    0.9285758754   -2.5485563417
  -0.1096132709    0.0337592255   -2.5485563417
   0.9236319965    0.0337592255   -2.7540816039
   0.3420778016    1.3357798097    2.7822272313
   1.3753230690    1.3357798097    2.5767019691
  -0.1745448320    2.2305964595    2.5767019691
   1.3753230690    1.3357798097   -2.4122475065
   0.8587004353    2.2305964595   -2.4122475065
  -0.1745448320    2.2305964595   -2.4122475065
   0.3420778016    1.3357798097   -2.6177727687
   0.9460879644    2.3739034733    2.6459118626
   2.0394749870    2.3739034733    2.3963534098
   1.4927814757    3.3208044110    2.3963534098
   0.3993944531    3.3208044110    2.3963534098
   2.6035385761    3.4390823030    1.6971061633
   1.7645449937    4.1660743805    1.6971061633
   0.6656970875    4.3240648578    1.6971061633
   3.1596048016    3.4398770004    0.6866646162
   2.4778891436    4.2947213972    0.6866646162
   1.4927814757    4.7691242469    0.6866646162
   3.1596048016    3.4398770004   -0.4348408909
   2.4778891436    4.2947213972   -0.4348408909
   1.4927814757    4.7691242469   -0.4348408909
   0.3993944531    4.7691242469   -0.4348408909
   2.6035385761    3.4390823030   -1.4452824380
   1.7645449937    4.1660743805   -1.4452824380
   0.6656970875    4.3240648578   -1.4452824380
   1.4927814757    3.3208044110   -2.1445296845
   0.3993944531    3.3208044110   -2.1445296845
   0.9460879644    2.3739034733   -2.3940881374
  -1.0492511586    1.2704850759    2.8614715530
  -0.5326285249    0.3756684261    2.6559462907
  -2.0824964260    1.2704850759   -2.3330031848
  -0.5326285249    0.3756684261   -2.3330031848
  -1.0492511586    1.2704850759   -2.5385284470
  -1.8232616174    0.1149702058    2.8197043898
  -0.7900163500    0.1149702058    2.6141791276
  -2.3398842511   -0.7798464441    2.6141791276
  -2.3398842511    1.0097868557   -2.3747703479
  -2.8565068848    0.1149702058   -2.3747703479
  -1.8232616174    0.1149702058   -2.5802956102
  -3.0178707682    0.1732793288    2.7172022808
  -3.5645642795    1.1201802666    2.4676438279
  -4.1112577908    0.1732793288    2.4676438279
  -3.5645642795   -0.7736216089    2.4676438279
  -4.3080874290    1.6622687303    1.7683965815
  -4.9082785394    0.7283531329    1.7683965815
  -4.9082785394   -0.3817944752    1.7683965815
  -4.3080874290   -1.3157100726    1.7683965815
  -4.5496719474    2.0940972527    0.7579550343
  -5.2313876055    1.2392528560    0.7579550343
  -5.4746891069    0.1732793288    0.7579550343
  -5.2313876055   -0.8926941983    0.7579550343
  -5.2313876055    1.2392528560   -0.3635504728
  -5.4746891069    0.1732793288   -0.3635504728
  -5.2313876055   -0.8926941983   -0.3635504728
  -4.3080874290    1.6622687303   -1.3739920199
  -4.9082785394    0.7283531329   -1.3739920199
  -4.9082785394   -0.3817944752   -1.3739920199
  -3.5645642795    1.1201802666   -2.0732392663
  -4.1112577908    0.1732793288   -2.0732392663
  -3.0178707682    0.1732793288   -2.3227977192
  -1.1763366796   -1.0877528767    2.6874081741
  -0.6597140459   -1.9825695266    2.4818829119
  -0.6597140459   -0.1929362268   -2.5070665637
  -0.6597140459   -1.9825695266   -2.5070665637
  -1.1763366796   -1.0877528767   -2.7125918259
  -0.9460937617   -2.3043230348    2.4377500304
  -1.1862335428   -4.0409818060    1.8524636018
  -0.3732276191   -3.3365081629    1.8524636018
  -2.5344118774   -4.7362560829    0.9765205600
  -4.6793390291   -2.3043230348   -0.0567247074
  -4.4738137668   -3.3375683021   -0.0567247074
  -3.8885273383   -4.2135113440   -0.0567247074
  -3.0125842964   -4.7987977725   -0.0567247074
  -3.5346185891   -4.2545819170   -1.0899699748
  -2.5344118774   -4.7362560829   -1.0899699748
  -2.2510448545   -4.1940785598   -1.9659130166
  -0.9460937617   -2.3043230348   -2.5511994452
  -1.4627163954   -3.1991396847   -2.5511994452
  -0.7675749821    2.5189222962    2.7979652986
  -2.0725260749    4.4086778212    2.2126788700
  -2.3558930978    4.9508553443    1.3367358282
  -3.3560998095    4.4691811784    1.3367358282
  -2.8340655168    5.0133970340    0.3034905608
  -3.7100085587    4.4281106054    0.3034905608
  -4.2952949872    3.5521675636    0.3034905608
  -4.5008202495    2.5189222962    0.3034905608
  -2.3558930978    4.9508553443   -0.7297547065
  -1.2841976158    3.4137389461   -2.1909841769
   5.3721739897   -0.1668098193    1.5965764724
   4.8321739897   -1.1021172554    1.5965764724
   6.1627888619   -0.1668098193    0.8059616003
   5.0692554911   -1.8683809580    0.8059616003
   5.8658353595   -1.1781405729    0.8059616003
   6.4521739897   -0.1668098193   -0.2740383997
   6.2047590051    0.8369922323   -0.2740383997
   5.5191938426   -1.9444549696   -0.2740383997
   6.2047590051   -1.1706118709   -0.2740383997
   6.1627888619   -0.1668098193   -1.3540383997
   5.8658353595    0.8445209343   -1.3540383997
   5.0692554911   -1.8683809580   -1.3540383997
   5.8658353595   -1.1781405729   -1.3540383997
   5.3721739897   -0.1668098193   -2.1446532719
   4.8321739897   -1.1021172554   -2.1446532719
   4.6058613210    2.9390522032   -0.9980982953
   3.6392006974    3.3056582209   -0.9980982953
   5.2494563402    1.1614070528   -2.0780982953
   4.9525028379    2.1727378065   -2.0780982953
   4.1559229695    2.8629781915   -2.0780982953
   3.1126252151    3.0129817628   -2.0780982953
   2.1538492399    2.5751234462   -2.0780982953
   4.4588414681    1.1614070528   -2.8687131674
   3.9188414681    2.0967144889   -2.8687131674
   2.8388414681    2.0967144889   -2.8687131674
   2.2988414681    1.1614070528   -2.8687131674
   2.8388414681    0.2260996167   -2.8687131674
   3.9188414681    0.2260996167   -2.8687131674
   3.3788414681    1.1614070528   -3.1580982953
   3.4854144778    1.0261339440    2.9100393473
   4.5654144778    1.0261339440    2.6206542195
   4.0254144778    1.9614413801    2.6206542195
   2.9454144778    1.9614413801    2.6206542195
   2.4054144778    1.0261339440    2.6206542195
   2.9454144778    0.0908265079    2.6206542195
   4.0254144778    0.0908265079    2.6206542195
   5.3560293500    1.0261339440    1.8300393473
   5.0590758476    2.0374646976    1.8300393473
   4.2624959793    2.7277050827    1.8300393473
   3.2191982248    2.8777086540    1.8300393473
   4.7124343308    2.8037790943    0.7500393473
   3.7457737072    3.1703851121    0.7500393473
   4.1517269209   -2.2960481172    1.5066502677
   3.6117269209   -3.2313555533    1.5066502677
   4.9423417931   -2.2960481172    0.7160353955
   2.8055106679   -4.1476228272    0.7160353955
   3.8488084223   -3.9976192559    0.7160353955
   4.6453882907   -3.3073788708    0.7160353955
   5.2317269209   -2.2960481172   -0.3639646045
   3.3320861502   -4.4402992852   -0.3639646045
   4.2987467738   -4.0736932675   -0.3639646045
   4.9843119363   -3.2998501688   -0.3639646045
   4.9423417931   -2.2960481172   -1.4439646045
   2.8055106679   -4.1476228272   -1.4439646045
   3.8488084223   -3.9976192559   -1.4439646045
   4.6453882907   -3.3073788708   -1.4439646045
   4.1517269209   -2.2960481172   -2.2345794767
   3.6117269209   -3.2313555533   -2.2345794767
  -0.7679821684   -4.0759506147    1.7093366356
  -1.5741984214   -4.9922178886    0.9187217634
  -0.5309006669   -4.8422143173    0.9187217634
  -2.0739287244   -5.1602782628   -0.1612782366
  -1.0476229390   -5.2848943467   -0.1612782366
  -0.0809623154   -4.9182883289   -0.1612782366
  -1.5741984214   -4.9922178886   -1.2412782366
  -0.5309006669   -4.8422143173   -1.2412782366
  -0.7679821684   -4.0759506147   -2.0318931088
  -2.5542701075   -2.4022100070    3.0132389541
  -1.4742701075   -2.4022100070    2.7238538263
  -2.0142701075   -1.4669025709    2.7238538263
  -3.0942701075   -1.4669025709    2.7238538263
  -3.6342701075   -2.4022100070    2.7238538263
  -3.0942701075   -3.3375174431    2.7238538263
  -2.0142701075   -3.3375174431    2.7238538263
  -4.3491119337   -1.8751968962    1.9332389541
  -4.3491119337   -2.9292231178    1.9332389541
  -3.7792623356   -3.8159264004    1.9332389541
  -2.8204863605   -4.2537847169    1.9332389541
  -4.6515044331   -1.8852881721    0.8532389541
  -4.6515044331   -2.9191318418    0.8532389541
  -4.1710533235   -3.8345549488    0.8532389541
  -4.7574910895   -1.7519127645   -0.8953416360
  -4.7574910895   -2.7857564342   -0.8953416360
  -4.2770399799   -3.7011795411   -0.8953416360
  -3.8852489919   -0.8551182059   -1.9753416360
  -4.4550985900   -1.7418214885   -1.9753416360
  -4.4550985900   -2.7958477101   -1.9753416360
  -3.8852489919   -3.6825509928   -1.9753416360
  -2.9264730168   -4.1204093093   -1.9753416360
  -1.5802567638   -2.2688345993   -2.7659565082
  -2.1202567638   -1.3335271632   -2.7659565082
  -3.2002567638   -1.3335271632   -2.7659565082
  -3.7402567638   -2.2688345993   -2.7659565082
  -3.2002567638   -3.2041420354   -2.7659565082
  -2.1202567638   -3.2041420354   -2.7659565082
  -2.6602567638   -2.2688345993   -3.0553416360
  -2.3746274052    2.5006506505    3.3789362436
  -1.2946274052    2.5006506505    3.0895511158
  -1.8346274052    3.4359580866    3.0895511158
  -2.9146274052    3.4359580866    3.0895511158
  -3.4546274052    2.5006506505    3.0895511158
  -2.9146274052    1.5653432144    3.0895511158
  -1.8346274052    1.5653432144    3.0895511158
  -2.6408436582    4.3522253605    2.2989362436
  -3.5996196333    3.9143670440    2.2989362436
  -4.1694692314    3.0276637613    2.2989362436
  -4.1694692314    1.9736375397    2.2989362436
  -3.9914106213    3.9329955923    1.2189362436
  -4.4718617309    3.0175724854    1.2189362436
  -4.4718617309    1.9837288157    1.2189362436
  -3.2472217781    4.6546194773   -0.5278306093
  -4.0980584381    4.0673293349   -0.5278306093
  -4.5785095477    3.1519062280   -0.5278306093
  -4.5785095477    2.1180625583   -0.5278306093
  -2.7474914751    4.4865591031   -1.6078306093
  -3.7062674502    4.0487007866   -1.6078306093
  -4.2761170483    3.1619975039   -1.6078306093
  -4.2761170483    2.1079712823   -1.6078306093
  -1.4012752221    2.6349843931   -2.3984454814
  -1.9412752221    3.5702918292   -2.3984454814
  -3.0212752221    3.5702918292   -2.3984454814
  -3.5612752221    2.6349843931   -2.3984454814
  -3.0212752221    1.6996769570   -2.3984454814
  -1.9412752221    1.6996769570   -2.3984454814
  -2.4812752221    2.6349843931   -2.6878306093
  -0.5532783614    4.2639892637    2.1932634685
  -0.3161968600    5.0302529663    1.4026485963
  -1.3594946144    5.1802565376    1.4026485963
   0.1337414915    5.1063269779    0.3226485963
  -0.8329191321    5.4729329956    0.3226485963
  -1.8592249175    5.3483169118    0.3226485963
  -0.3161968600    5.0302529663   -0.7573514037
  -1.3594946144    5.1802565376   -0.7573514037
  -0.5532783614    4.2639892637   -1.5479662759
   3.9351171138   -0.4218484094    2.6471383042
   4.2231577685   -1.2873545392    2.1261937712
   5.0443289413   -0.5758056675    2.1261937712
   6.0201631101    0.4667459887    1.3280604419
   5.7955476203    1.5234787854    1.3280604419
   6.1770045417    1.5340067695    0.3490049749
   5.6054320324    2.4571280678    0.3490049749
   4.7389866645    3.1114372374    0.3490049749
   3.6946866860    3.4085661990    0.3490049749
   6.1770045417    1.5340067695   -0.6928840911
   5.6054320324    2.4571280678   -0.6928840911
   5.7955476203    1.5234787854   -1.6719395581
   5.3504497278    0.4667459887   -2.4700728875
   4.2231577685   -1.2873545392   -2.4700728875
   3.9351171138   -0.4218484094   -2.9910174205
   2.2402743968   -0.3760395204    2.8348317744
   2.7533046118   -1.2646339186    2.6539096367
   1.7272441818    0.5125548777   -2.9842460880
   2.2402743968   -0.3760395204   -3.1651682256
   2.1866316183   -1.7005596437    2.7358900904
   3.2126920483   -1.7005596437    2.5549679527
   2.6996618333   -2.5891540418    2.5549679527
   4.1149944474   -1.7005596437    2.0340234197
   2.9877024880   -3.4546601716    2.0340234197
   3.8088736609   -2.7431112999    2.0340234197
   2.9894813203   -4.1714769543    1.2358900904
   4.1149944474   -1.7005596437   -2.5622432390
   2.9877024880   -3.4546601716   -2.5622432390
   3.2126920483   -1.7005596437   -3.0831877720
   1.6736014033   -0.8119652455   -3.0831877720
   2.6996618333   -2.5891540418   -3.0831877720
   2.1866316183   -1.7005596437   -3.2641099096
   0.9733233391   -2.1934924558    2.7713507865
   0.4602931241   -3.0820868540    2.5904286488
   1.4863535541   -3.0820868540    2.5904286488
  -0.2894857585   -3.6508518431    2.0694841158
   0.6988886949   -4.1022273317    2.0694841158
   1.7743942088   -3.9475929838    2.0694841158
   0.7017504252   -4.7773361338    1.2713507865
   1.7761730411   -4.6644097664    1.2713507865
   0.1648070361   -5.0351325071    0.2922953195
   1.2459231263   -5.1353126661    0.2922953195
   2.2902231048   -4.8381837044    0.2922953195
   0.1648070361   -5.0351325071   -0.7495937465
   1.2459231263   -5.1353126661   -0.7495937465
   2.2902231048   -4.8381837044   -0.7495937465
   0.7017504252   -4.7773361338   -1.7286492135
   1.7761730411   -4.6644097664   -1.7286492135
  -0.2894857585   -3.6508518431   -2.5267825429
   0.6988886949   -4.1022273317   -2.5267825429
   1.7743942088   -3.9475929838   -2.5267825429
  -0.0527370909   -2.1934924558   -3.0477270759
   0.4602931241   -3.0820868540   -3.0477270759
   1.4863535541   -3.0820868540   -3.0477270759
   0.9733233391   -2.1934924558   -3.2286492135
   0.1900427562   -1.1069366939    2.9029318203
   1.2161031862   -1.1069366939    2.7220096827
  -0.3229874588   -1.9955310920    2.7220096827
  -0.3229874588   -0.2183422957   -2.9161460420
   0.1900427562   -1.1069366939   -3.0970681797
   0.9236319965    0.0337592255    2.9459183961
  -0.1024284335    0.0337592255    2.7649962585
   1.4366622115   -0.8548351726    2.7649962585
   1.4366622115    0.9223536237   -2.8731594663
  -0.1024284335    0.0337592255   -2.8731594663
   0.9236319965    0.0337592255   -3.0540816039
   0.3420778016    1.3357798097    3.0822272313
   1.3681382316    1.3357798097    2.9013050936
  -0.1709524133    2.2243742078    2.9013050936
   1.3681382316    1.3357798097   -2.7368506311
   0.8551080166    2.2243742078   -2.7368506311
  -0.1709524133    2.2243742078   -2.7368506311
   0.3420778016    1.3357798097   -2.9177727687
   0.9460879644    2.3739034733    2.9259118626
   2.0176015750    2.3739034733    2.7127745537
   1.4818447697    3.3018614806    2.7127745537
   0.4103311591    3.3018614806    2.7127745537
   2.6607307843    3.3638529670    2.1058108500
   1.9360374580    4.0885462933    2.1058108500
   0.9460879644    4.3538024606    2.1058108500
   3.3093046253    3.4260753204    1.1974254733
   2.6770369654    4.2963170964    1.1974254733
   1.7454724980    4.8341560924    1.1974254733
   0.6756871826    4.9465950599    1.1974254733
   3.0153129326    4.2602512755    0.1259118626
   2.1941553606    4.8803606891    0.1259118626
   1.2044393709    5.1619591669    0.1259118626
   2.6770369654    4.2963170964   -0.9456017480
   1.7454724980    4.8341560924   -0.9456017480
   0.6756871826    4.9465950599   -0.9456017480
   2.6607307843    3.3638529670   -1.8539871247
   1.9360374580    4.0885462933   -1.8539871247
   0.9460879644    4.3538024606   -1.8539871247
  -0.0438615293    4.0885462933   -1.8539871247
   1.4818447697    3.3018614806   -2.4609508284
   0.4103311591    3.3018614806   -2.4609508284
   0.9460879644    2.3739034733   -2.6740881374
  -1.0492511586    1.2704850759    3.1614715530
  -0.5362209436    0.3818906778    2.9805494153
  -2.0753115886    1.2704850759   -2.6576063094
  -0.5362209436    0.3818906778   -2.6576063094
  -1.0492511586    1.2704850759   -2.8385284470
  -1.8232616174    0.1149702058    3.1197043898
  -0.7972011875    0.1149702058    2.9387822522
  -2.3362918324   -0.7736241924    2.9387822522
  -2.3362918324    1.0035646040   -2.6993734725
  -2.8493220474    0.1149702058   -2.6993734725
  -1.8232616174    0.1149702058   -2.8802956102
  -3.0178707682    0.1732793288    2.9972022808
  -3.5536275735    1.1012373361    2.7840649718
  -4.0893843788    0.1732793288    2.7840649718
  -3.5536275735   -0.7546786785    2.7840649718
  -4.7325135882    1.1632288225    2.1771012681
  -4.9977697555    0.1732793288    2.1771012681
  -4.7325135882   -0.8166701648    2.1771012681
  -5.1106866474    1.6937990683    1.2687158914
  -5.5482043029    0.7111183248    1.2687158914
  -5.5482043029   -0.3645596672    1.2687158914
  -5.1106866474   -1.3472404107    1.2687158914
  -5.3984787482    1.6472893849    0.1972022808
  -5.7701954473    0.6877779787    0.1972022808
  -5.7701954473   -0.3412193210    0.1972022808
  -5.3984787482   -1.3007307272    0.1972022808
  -5.1106866474    1.6937990683   -0.8743113299
  -5.5482043029    0.7111183248   -0.8743113299
  -5.5482043029   -0.3645596672   -0.8743113299
  -5.1106866474   -1.3472404107   -0.8743113299
  -4.7325135882    1.1632288225   -1.7826967066
  -4.9977697555    0.1732793288   -1.7826967066
  -4.7325135882   -0.8166701648   -1.7826967066
  -3.5536275735    1.1012373361   -2.3896604103
  -4.0893843788    0.1732793288   -2.3896604103
  -1.1763366796   -1.0877528767    2.9874081741
  -0.6633064646   -1.9763472749    2.8064860365
  -0.6633064646   -0.1991584786   -2.8316696882
  -1.1763366796   -1.0877528767   -3.0125918259
  -0.9532785991   -2.3043230348    2.7623531549
  -1.1782681594   -4.0584235627    2.2414086219
  -0.3570969865   -3.3468746910    2.2414086219
  -2.2509119429   -4.8881667128    1.4432752926
  -4.8834576178   -2.8471968840    0.4642198256
  -4.4912403101   -3.8596264611    0.4642198256
  -3.7597768155   -4.6620036921    0.4642198256
  -2.7878553321   -5.1459630861    0.4642198256
  -4.4912403101   -3.8596264611   -0.5776692404
  -3.7597768155   -4.6620036921   -0.5776692404
  -2.7878553321   -5.1459630861   -0.5776692404
  -3.2783771347   -4.5543230348   -1.5567247074
  -2.2509119429   -4.8881667128   -1.5567247074
  -2.2537736732   -4.2130579107   -2.3548580368
  -0.9532785991   -2.3043230348   -2.8758025698
  -1.4663088141   -3.1929174329   -2.8758025698
  -0.7747598195    2.5189222962    3.1225684232
  -0.1785782069    3.5614739525    2.6016238902
  -0.9997493798    4.2730228242    2.6016238902
  -2.0723931633    5.1027659742    1.8034905608
  -3.0998583551    4.7689222962    1.8034905608
  -2.6093365525    5.3605623475    0.8244350938
  -3.5812580359    4.8766029536    0.8244350938
  -4.3127215305    4.0742257225    0.8244350938
  -4.7049388382    3.0617961455    0.8244350938
  -2.6093365525    5.3605623475   -0.2174539722
  -3.5812580359    4.8766029536   -0.2174539722
  -2.0723931633    5.1027659742   -1.1965094392
  -0.9997493798    4.2730228242   -1.9946427685
  -1.2877900345    3.4075166944   -2.5155873015
   6.1685695476   -0.1668098193    1.2223371247
   5.0716568748   -1.8736392547    1.2223371247
   5.8706983818   -1.1812658476    1.2223371247
   6.6320009789   -0.1668098193    0.2600118418
   6.4002852633    0.8484030637    0.2600118418
   5.7510322556   -1.9961602230    0.2600118418
   6.4002852633   -1.1820227023    0.2600118418
   6.6320009789   -0.1668098193   -0.8080886412
   6.4002852633    0.8484030637   -0.8080886412
   5.7510322556   -1.9961602230   -0.8080886412
   6.4002852633   -1.1820227023   -0.8080886412
   6.1685695476   -0.1668098193   -1.7704139242
   5.0716568748   -1.8736392547   -1.7704139242
   5.8706983818   -1.1812658476   -1.7704139242
   5.3334949636   -0.1668098193   -2.4363636827
   4.8128344766   -1.0686202362   -2.4363636827
   3.8995019550    3.4425696943   -0.4640480538
   5.4869527416    2.1766199358   -1.5321485368
   4.8376997340    2.9907574565   -1.5321485368
   3.8995019550    3.4425696943   -1.5321485368
   5.2552370260    1.1614070528   -2.4944738197
   4.9573658602    2.1758630811   -2.4944738197
   4.1583243532    2.8682364882   -2.4944738197
   3.1118025377    3.0187036095   -2.4944738197
   2.1500636958    2.5794921970   -2.4944738197
   4.4201624420    1.1614070528   -3.1604235782
   3.8995019550    2.0632174697   -3.1604235782
   2.8581809811    2.0632174697   -3.1604235782
   2.3375204942    1.1614070528   -3.1604235782
   2.8581809811    0.2595966359   -3.1604235782
   3.8995019550    0.2595966359   -3.1604235782
   3.3788414681    1.1614070528   -3.3980982953
   3.4854144778    1.0261339440    3.1500393473
   4.5267354517    1.0261339440    2.9123646303
   4.0060749648    1.9279443609    2.9123646303
   2.9647539909    1.9279443609    2.9123646303
   2.4440935039    1.0261339440    2.9123646303
   2.9647539909    0.1243235271    2.9123646303
   4.0060749648    0.1243235271    2.9123646303
   5.3618100357    1.0261339440    2.2464148718
   5.0639388699    2.0405899723    2.2464148718
   4.2648973629    2.7329633794    2.2464148718
   3.2183755475    2.8834305007    2.2464148718
   5.5935257514    2.0413468270    1.2840895888
   4.9442727437    2.8554843477    1.2840895888
   4.0060749648    3.3072965855    1.2840895888
   4.9481224788   -2.2960481172    1.1324109199
   3.8512098060   -4.0028775526    1.1324109199
   4.6502513130   -3.3105041455    1.1324109199
   5.4115539101   -2.2960481172    0.1700856370
   3.5923874078   -4.5772107587    0.1700856370
   4.5305851868   -4.1253985209    0.1700856370
   5.1798381945   -3.3112610002    0.1700856370
   5.4115539101   -2.2960481172   -0.8980148460
   3.5923874078   -4.5772107587   -0.8980148460
   4.5305851868   -4.1253985209   -0.8980148460
   5.1798381945   -3.3112610002   -0.8980148460
   4.9481224788   -2.2960481172   -1.8603401290
   3.8512098060   -4.0028775526   -1.8603401290
   4.6502513130   -3.3105041455   -1.8603401290
   4.1130478948   -2.2960481172   -2.5262898875
   3.5923874078   -3.1978585341   -2.5262898875
  -1.5750210987   -4.9979397353    1.3350972878
  -0.5284992833   -4.8474726140    1.3350972878
  -1.8286426553   -5.4218058201    0.3727720049
  -0.7873216814   -5.4218058201    0.3727720049
  -1.8286426553   -5.4218058201   -0.6953284781
  -0.7873216814   -5.4218058201   -0.6953284781
  -1.5750210987   -4.9979397353   -1.6576537611
  -0.5284992833   -4.8474726140   -1.6576537611
  -0.7873216814   -4.0424535955   -2.3236035196
  -2.5542701075   -2.4022100070    3.2532389541
  -1.5129491336   -2.4022100070    3.0155642371
  -2.0336096205   -1.5003995901    3.0155642371
  -3.0749305944   -1.5003995901    3.0155642371
  -3.5955910814   -2.4022100070    3.0155642371
  -3.0749305944   -3.3040204238    3.0155642371
  -2.0336096205   -3.3040204238    3.0155642371
  -4.3546584610   -1.8735682888    2.3496144786
  -4.3546584610   -2.9308517251    2.3496144786
  -3.7830478797   -3.8202951512    2.3496144786
  -2.8213090378   -4.2595065636    2.3496144786
  -1.7747872224   -4.1090394424    2.3496144786
  -4.8940970967   -2.4022100070    1.3872891956
  -4.6623813811   -3.4174228899    1.3872891956
  -4.0131283734   -4.2315604107    1.3872891956
  -5.0000837531   -2.2688345993   -0.3612913945
  -5.0000837531   -2.2688345993   -1.4293918775
  -4.7683680374   -3.2840474823   -1.4293918775
  -4.1191150297   -4.0981850030   -1.4293918775
  -3.8890345360   -0.8507494551   -2.3917171605
  -4.4606451174   -1.7401928811   -2.3917171605
  -4.4606451174   -2.7974763175   -2.3917171605
  -3.8890345360   -3.6869197435   -2.3917171605
  -2.9272956942   -4.1261311560   -2.3917171605
  -1.6189357899   -2.2688345993   -3.0576669190
  -2.1395962769   -1.3670241825   -3.0576669190
  -3.1809172508   -1.3670241825   -3.0576669190
  -3.7015777377   -2.2688345993   -3.0576669190
  -3.1809172508   -3.1706450162   -3.0576669190
  -2.1395962769   -3.1706450162   -3.0576669190
  -2.6602567638   -2.2688345993   -3.2953416360
  -2.3746274052    2.5006506505    3.6189362436
  -1.3333064313    2.5006506505    3.3812615266
  -1.8539669183    3.4024610674    3.3812615266
  -2.8952878922    3.4024610674    3.3812615266
  -3.4159483791    2.5006506505    3.3812615266
  -2.8952878922    1.5988402337    3.3812615266
  -1.8539669183    1.5988402337    3.3812615266
  -2.6416663356    4.3579472072    2.7153117681
  -3.6034051775    3.9187357947    2.7153117681
  -4.1750157588    3.0292923687    2.7153117681
  -4.1750157588    1.9720089323    2.7153117681
  -3.8334856711    4.3300010542    1.7529864851
  -4.4827386788    3.5158635335    1.7529864851
  -4.7144543945    2.5006506505    1.7529864851
  -4.5893864956    3.6501972761    0.0062196322
  -4.8211022113    2.6349843931    0.0062196322
  -3.0019357090    4.9161470346   -1.0618808508
  -3.9401334880    4.4643347968   -1.0618808508
  -4.5893864956    3.6501972761   -1.0618808508
  -4.8211022113    2.6349843931   -1.0618808508
  -2.7483141524    4.4922809498   -2.0242061337
  -3.7100529943    4.0530695374   -2.0242061337
  -4.2816635756    3.1636261113   -2.0242061337
  -4.2816635756    2.1063426750   -2.0242061337
  -1.4399542482    2.6349843931   -2.6901558922
  -1.9606147351    3.5367948100   -2.6901558922
  -3.0019357090    3.5367948100   -2.6901558922
  -3.5225961959    2.6349843931   -2.6901558922
  -3.0019357090    1.7331739763   -2.6901558922
  -1.9606147351    1.7331739763   -2.6901558922
  -2.4812752221    2.6349843931   -2.9278306093
  -0.5726178745    4.2304922445    2.4849738793
  -0.3137954763    5.0355112630    1.8190241208
  -1.3603172918    5.1859783843    1.8190241208
   0.3655799045    5.1580322313    0.8566988378
  -0.5726178745    5.6098444691    0.8566988378
  -1.6139388484    5.6098444691    0.8566988378
   0.3655799045    5.1580322313   -0.2114016452
  -0.5726178745    5.6098444691   -0.2114016452
  -1.6139388484    5.6098444691   -0.2114016452
  -0.3137954763    5.0355112630   -1.1737269282
  -1.3603172918    5.1859783843   -1.1737269282
  -0.5726178745    4.2304922445   -1.8396766867
