#! FIELDS phi metad.bias der_phi
#! SET min_phi -pi
#! SET max_phi pi
#! SET nbins_phi  63
#! SET periodic_phi true
   -3.141592654   23.619189752   35.545041618
   -3.041859553   27.055592773   32.861443820
   -2.942126453   30.132076458   28.272109521
   -2.842393353   32.666226108   22.159261293
   -2.742660253   34.540779986   15.220482679
   -2.642927153   35.716050614    8.311774397
   -2.543194053   36.236000451    2.287674663
   -2.443460953   36.230794718   -2.094779711
   -2.343727853   35.891646248   -4.351838095
   -2.243994753   35.438454799   -4.374097702
   -2.144261652   35.084793735   -2.434259673
   -2.044528552   34.997328996    0.833428522
   -1.944795452   35.265902195    4.545082401
   -1.845062352   35.886037019    7.721502835
   -1.745329252   36.758073770    9.461999372
   -1.645596152   37.703251751    9.104972803
   -1.545863052   38.493858875    6.344910793
   -1.446129952   38.891918458    1.283921563
   -1.346396852   38.687069445   -5.574929712
   -1.246663751   37.737764250  -13.468280064
   -1.146930651   35.986406824  -21.460650379
   -1.047197551   33.470313177  -28.631377891
   -0.947464451   30.312288344  -34.215560213
   -0.847731351   26.698754647  -37.711092449
   -0.747998251   22.854219270  -38.903538958
   -0.648265151   19.000791386  -37.908720585
   -0.548532051   15.345521941  -35.111419771
   -0.448798951   12.034097556  -30.971473463
   -0.349065850    9.183650526  -26.102238688
   -0.249332750    6.835442781  -20.942118208
   -0.149599650    4.996568532  -15.914511232
   -0.049866550    3.642080315  -11.334103111
    0.049866550    2.711215734   -7.297970337
    0.149599650    2.150107392   -3.936104547
    0.249332750    1.892185629   -1.255746232
    0.349065850    1.865155253    0.810650872
    0.448798951    2.015565615    2.218153260
    0.548532051    2.269176710    3.083550438
    0.648265151    2.584830365    3.311355480
    0.747998251    2.896353307    3.026228962
    0.847731351    3.158528172    2.280206151
    0.947464451    3.330997072    1.197676919
    1.047197551    3.386471541   -0.063450165
    1.146930651    3.315648234   -1.344167176
    1.246663751    3.122534972   -2.472538243
    1.346396852    2.829931595   -3.342954446
    1.446129952    2.474734411   -3.822471769
    1.545863052    2.088821221   -3.923628505
    1.645596152    1.720879614   -3.589758416
    1.745329252    1.404794655   -2.878033742
    1.845062352    1.174517564   -1.825592612
    1.944795452    1.069025430   -0.402763916
    2.044528552    1.126068555    1.429054684
    2.144261652    1.385750919    3.718844020
    2.243994753    1.897787227    6.543140275
    2.343727853    2.719728170    9.961551774
    2.443460953    3.909832642   13.959982767
    2.543194053    5.521618706   18.425921881
    2.642927153    7.597307305   23.158044750
    2.742660253   10.139246135   27.778851554
    2.842393353   13.122420906   31.830689690
    2.942126453   16.459886387   34.780749850
    3.041859553   20.018069301   36.126144528
