#! FIELDS time phi sigma_phi height biasf
#! SET multivariate false
#! SET kerneltype gaussian
#! SET min_phi -pi
#! SET max_phi pi
                      1     -2.313840814416567                    0.5      1.333333333333333                     10
                      2     -1.392152663414972                    0.5      1.320363409458866                     10
                      3     -1.924878853205875                    0.5      1.243806249131804                     10
                      4     -1.436332379362296                    0.5      1.212346019867851                     10
                      5     -1.304818061084214                    0.5      1.171762574288228                     10
                      6     -1.360707641882983                    0.5      1.110761476445894                     10
                      7      -1.25645061607813                    0.5      1.077513387556352                     10
                      8     -1.187994830688108                    0.5      1.045494614332589                     10
                      9     -2.558360451988986                    0.5      1.225693644271275                     10
                     10     -2.407776591063178                    0.5      1.137184445194534                     10
                     11     -2.891853747814707                    0.5      1.200077076860652                     10
                     12     -1.052147363333225                    0.5      1.037110046354041                     10
                     13     -1.671028322557788                    0.5     0.9557084744431178                     10
                     14     -1.737131279255462                    0.5     0.9291755588029578                     10
                     15     -2.956434436935344                    0.5      1.156039349660629                     10
                     16     -2.812317118990132                    0.5      1.068781111156795                     10
                     17     -2.514608098150242                    0.5       0.97815348799319                     10
                     18     -2.495388385625997                    0.5     0.9386699716043357                     10
                     19     -1.791263221756451                    0.5     0.8716679993653891                     10
                     20     -2.673707162907219                    0.5     0.9217021936169579                     10
                     21      -1.15734175555324                    0.5     0.9101652937776401                     10
                     22      -1.25277924772867                    0.5     0.8495666677475361                     10
                     23     -1.496060975526285                    0.5     0.7900497427941836                     10
                     24     -1.094524189060613                    0.5     0.8517596538450367                     10
                     25     -1.481944456066945                    0.5     0.7466988252517393                     10
                     26     -1.436920159993397                    0.5      0.725818923294795                     10
                     27     -2.261604664292136                    0.5     0.8195320888191103                     10
                     28     -1.770851091851987                    0.5     0.7204869128993483                     10
                     29     -2.302323863136103                    0.5     0.7850265148153786                     10
                     30     -2.601129101838225                    0.5     0.8171295249096763                     10
                     31      -2.24879836284417                    0.5     0.7341852848386849                     10
                     32     -2.606639991111651                    0.5     0.7743212335738388                     10
                     33     -2.624213015802684                    0.5     0.7553735476962516                     10
                     34     -2.758599575087918                    0.5     0.7765392838741565                     10
                     35     -2.615062837080834                    0.5     0.7089328133526802                     10
                     36     -2.457012631930659                    0.5     0.6630303071626849                     10
                     37     -2.853924223048469                    0.5     0.7577277643481123                     10
                     38     -2.954773093127902                    0.5     0.7870501798663506                     10
                     39     -3.075308777722895                    0.5     0.8344617537108039                     10
                     40     -1.542664380001126                    0.5     0.6517426705572595                     10
                     41     -1.290986273939046                    0.5     0.6802691768860467                     10
                     42     -2.091678807586977                    0.5     0.6137779393693366                     10
                     43     -2.876377399781352                    0.5     0.6952374289626518                     10
                     44     -2.723297209735469                    0.5     0.6217396869237635                     10
                     45     -2.511021541251465                    0.5     0.5727793455245599                     10
                     46     -2.848628514122633                    0.5       0.63676525033098                     10
                     47     -2.515563244086796                    0.5     0.5487259529692167                     10
                     48     -2.455588416264038                    0.5     0.5354049596137496                     10
                     49     -1.720773330945274                    0.5     0.5878725537379079                     10
                     50     -1.438343811745725                    0.5      0.606136304351292                     10
                     51      -1.16758634412835                    0.5      0.677603927296022                     10
                     52     -1.236315868840803                    0.5     0.6313495802128593                     10
                     53     -1.546556339617669                    0.5     0.5522718248023483                     10
                     54      -1.64467093980459                    0.5     0.5353967781483325                     10
                     55    -0.9969950081106282                    0.5     0.7191581385692887                     10
                     56     -1.256080241121598                    0.5     0.5733495599936849                     10
                     57      -1.28586353687961                    0.5     0.5512358645860099                     10
                     58     -1.118284649255045                    0.5     0.6036099388123005                     10
                     59     -1.258606134822353                    0.5     0.5347133375913761                     10
                     60     -1.401943944787214                    0.5      0.493319471091214                     10
                     61     -1.561825949242397                    0.5     0.4746147162757807                     10
                     62     -1.278382911026785                    0.5     0.4998096160361888                     10
                     63     -1.657794221329262                    0.5      0.461900488107684                     10
                     64     -1.658034536000315                    0.5     0.4534415963785338                     10
                     65     -1.490408285324407                    0.5     0.4430120687303079                     10
                     66     -1.553483608332288                    0.5     0.4338404883428923                     10
                     67    -0.9031856255682142                    0.5     0.6651447599362714                     10
                     68      -1.45659326834554                    0.5      0.423810229603736                     10
                     69     -1.315817823479542                    0.5     0.4364535764848929                     10
                     70     -1.035010666934874                    0.5     0.5426958757520797                     10
                     71      -1.06143001586957                    0.5     0.5159688775089323                     10
                     72     -2.813369634047144                    0.5     0.5794317651771473                     10
                     73     -2.276502225670275                    0.5     0.4747374821853426                     10
                     74      -2.47349310578426                    0.5     0.4794865387955424                     10
                     75     -2.419513023503144                    0.5     0.4655954250576933                     10
                     76     -1.091709928978688                    0.5      0.488635773773739                     10
                     77    -0.8136887980894212                    0.5     0.6693555278875737                     10
                     78     -1.080115059586105                    0.5     0.4737927872997174                     10
                     79     -1.721287677713988                    0.5     0.3945408291196181                     10
                     80     -1.265895332806528                    0.5     0.3961072925094352                     10
                     81     -1.180488573676392                    0.5     0.4139752211295348                     10
                     82     -1.016558319215347                    0.5     0.4805315994820866                     10
                     83     -1.431907564694308                    0.5     0.3573828368119533                     10
                     84      -2.59821380631634                    0.5     0.4769645570160386                     10
                     85     -2.983770337501219                    0.5     0.6230953564455755                     10
                     86     -2.779594281956284                    0.5     0.5081325265839076                     10
                     87     -2.764092592092786                    0.5     0.4924582671205435                     10
                     88     -2.700729258916339                    0.5     0.4639803512891246                     10
                     89       -3.0169450502217                    0.5     0.5975251304022251                     10
                     90     -2.790576489474487                    0.5     0.4728443485046472                     10
                     91     -2.280238435689133                    0.5     0.4064885357785634                     10
                     92     -2.638245162465505                    0.5     0.4203742237197958                     10
                     93      -2.78596770946289                    0.5     0.4505910317469308                     10
                     94      -3.05289184183459                    0.5     0.5778535430715286                     10
                     95     -2.960893636693466                    0.5     0.5086451860900186                     10
                     96       -2.6001936580302                    0.5     0.3883538036222023                     10
                     97     -1.675583769241053                    0.5     0.3567771937151554                     10
                     98    -0.9036820234386598                    0.5     0.5362743079861663                     10
                     99    -0.9741407599082059                    0.5     0.4782702759756693                     10
                    100     -1.275851058350405                    0.5     0.3527346740036877                     10
                    101    -0.8725304650852328                    0.5     0.5320869957885593                     10
                    102     -2.098937901554342                    0.5     0.3785257557045686                     10
                    103     -2.555008493406635                    0.5     0.3732182244569531                     10
                    104     -1.806414767643619                    0.5     0.3507952367639691                     10
                    105      -2.79250903000211                    0.5     0.4119893659026589                     10
                    106     -2.412157569037424                    0.5     0.3561241556221931                     10
                    107     -2.089332906104068                    0.5     0.3582791183973927                     10
                    108     -2.444854958704501                    0.5     0.3472456698433302                     10
                    109     -2.634240691908591                    0.5      0.357042942278866                     10
                    110     -3.084007184234834                    0.5     0.5418305078652946                     10
                    111     -2.621870374906752                    0.5     0.3452457311107312                     10
                    112      3.124900631709189                    0.5     0.5821806527409151                     10
                    113      -3.14044297365967                    0.5      0.554808646769387                     10
                    114     -2.815623471428518                    0.5     0.3708692039982065                     10
                    115     -2.359448757910569                    0.5     0.3244550547472649                     10
                    116     -1.938987329483221                    0.5     0.3364634179151383                     10
                    117      3.129355092031859                    0.5     0.5439076641860676                     10
                    118     -2.548544949150948                    0.5     0.3128253051303964                     10
                    119     -2.681477865235304                    0.5     0.3212932309466757                     10
                    120     -2.854192131932592                    0.5     0.3592005547376007                     10
                    121     -2.714928387908841                    0.5     0.3183196932091703                     10
                    122     -2.894541155123419                    0.5     0.3644772972279745                     10
                    123     -2.910936763708827                    0.5     0.3657043578632195                     10
                    124     -2.967581386688669                    0.5     0.3853808235861826                     10
                    125     -2.705593471352454                    0.5     0.3002561262751041                     10
                    126     -2.626099888741998                    0.5     0.2879618832543813                     10
                    127     -2.256073431942589                    0.5     0.2998301811261025                     10
                    128     -2.404445676818033                    0.5     0.2830863080269809                     10
                    129     -2.985152862874754                    0.5     0.3769023964376353                     10
                    130     -1.661624304438133                    0.5     0.3101251170903211                     10
                    131    -0.6016386493641313                    0.5     0.7595116735773009                     10
                    132    -0.7697787662061462                    0.5     0.5823053175040127                     10
                    133     -1.693245237773448                    0.5     0.3051923363659502                     10
                    134     -0.925373268784488                    0.5     0.4547334197133628                     10
                    135     -1.224194689386633                    0.5     0.3237684634906633                     10
                    136    -0.9230027023803462                    0.5      0.443143635777368                     10
                    137     -1.152031254814658                    0.5     0.3334564747040918                     10
                    138     -1.096517665913264                    0.5     0.3472179565872676                     10
                    139     -1.143012974561997                    0.5     0.3271546296826838                     10
                    140     -1.198641891203415                    0.5     0.3082390710850957                     10
                    141     -1.151772247961608                    0.5     0.3164363390543467                     10
                    142     -1.395348571635056                    0.5     0.2752229708082659                     10
                    143     -2.384639391881854                    0.5     0.2750047042379399                     10
                    144     -1.407385618400298                    0.5     0.2712791672931193                     10
                    145     -1.285486940410713                    0.5     0.2787013599465578                     10
                    146     -1.598957074577898                    0.5     0.2695672068205658                     10
                    147     -1.239692483105966                    0.5     0.2805058486840523                     10
                    148     -0.910724107075692                    0.5     0.4031858603166519                     10
                    149      -1.40402487544865                    0.5     0.2575669256111613                     10
                    150     -1.060187494507586                    0.5     0.3206402147069501                     10
                    151     -1.243788750312383                    0.5     0.2671821272625802                     10
                    152    -0.9830829170806594                    0.5     0.3468368512930067                     10
                    153     -1.619073872091654                    0.5     0.2562317030361799                     10
                    154    -0.9672163413314139                    0.5     0.3483482404854819                     10
                    155     -1.491224527325501                    0.5      0.243643621254753                     10
                    156     -1.212139101568367                    0.5     0.2592900233465525                     10
                    157     -1.224224174227116                    0.5     0.2544267986326683                     10
                    158       0.95282073575782                    0.5      1.332858795174858                     10
                    159      1.139848289114075                    0.5      1.268438434101037                     10
                    160      1.043767356839371                    0.5      1.203296869125065                     10
                    161      1.042215347862861                    0.5      1.146625386976934                     10
                    162      1.094295374140446                    0.5      1.096245513782841                     10
                    163      1.100380896958415                    0.5      1.049381806371706                     10
                    164      1.165800839395715                    0.5      1.011482372002346                     10
                    165      1.166546989588365                    0.5     0.9713707094807199                     10
                    166     0.9853828402256184                    0.5     0.9358245336493248                     10
                    167      1.108914556123056                    0.5     0.8969046582106562                     10
                    168     0.9568948281229765                    0.5     0.8747721900370652                     10
                    169      0.969337180259922                    0.5     0.8426839735429784                     10
